00000000000000000000101100
01001010000000000110001000
00000000001000100000011100
00011000001000000010011100
00000000001000100000011100
00000000000000000000101100
01001010000000000110001000
00000000001000100000011100
00000000000000000001101100
01000000000000000010001111
00000000001000010000011100
00000000000000000000101100
01001010000000000110001000
00000000001000100000011100
00000000000000000000101100
01001010000000000110001000
00000000001000100000011100
00000000000000000001101100
01000000000000000010001111
00000000001000010000011100
00000000000000000000101100
01001010000000000110001000
00000000001000100000011100
00000000000000000001101100
01010000000000000010001100
00000001000000000001001000
00000000100100011100011100
00001000000000000010001100
00000001000000000001001000
00000000100100011100011100
00001000000000000010001100
00000000000000000000101100
01001010000000000110001000
00000000001000100000011100
00000000000000000001101100
01010000000000000010001100
00000000000000000000101100
01001010000000000110001000
00000000001000100000011100
00000000000000000001101100
00000000010000000001001100
10100000000000000010001100
00000000001000100000011100
00000000000000000000101100
01001010000000000110001000
00000000001000100000011100
00000000000000000001101100
00000000000000000000101100
01001010000000000110001000
00000000001000100000011100
00000000000000000001101100
10100000000000000010001100
00000000000000000000000100
00000000000000000000101100
01001010000000000110001000
00000000001000100000011100
00000000000000000001101100
01010000000000000010001100
00000000100010000100101100
00000000000000000000010100
00001000000000000010001100
00000000100010000100101100
00000000000000000000010100
00001000000000000010001100
00000000000000000000101100
